#include "stdio.h"
#include "math.h"
#include "time.h"
#include "stdlib.h"

//Householder
void Householder(double *a,int n, double* q, double* b, double* c)
{
    int i, j, k, u, v;
    double h, f, g, h2;
    for (i = 0; i <= n - 1; i++)
        for (j = 0; j <= n - 1; j++)
        {
            u = i * n + j;
            q[u] = a[u];
        }
    for (i = n - 1; i >= 1; i--)
    {
        h = 0.0;
        if (i > 1)
            for (k = 0; k <= i - 1; k++)
            {
                u = i * n + k;
                h = h + q[u] * q[u];
            }
        if (h + 1.0 == 1.0)
        {
            c[i] = 0.0;
            if (i == 1)
                c[i] = q[i * n + i - 1];
            b[i] = 0.0;
        }
        else
        {
            c[i] = sqrt(h);
            u = i * n + i - 1;
            if (q[u] > 0.0)
                c[i] = -c[i];
            h = h - q[u] * c[i];
            q[u] = q[u] - c[i];
            f = 0.0;
            for (j = 0; j <= i - 1; j++)
            {
                q[j * n + i] = q[i * n + j] / h;
                g = 0.0;
                for (k = 0; k <= j; k++)
                    g = g + q[j * n + k] * q[i * n + k];
                if (j + 1 <= i - 1)
                    for (k = j + 1; k <= i - 1; k++)
                        g = g + q[k * n + j] * q[i * n + k];
                c[j] = g / h;
                f = f + g * q[j * n + i];
            }
            h2 = f / (h + h);
            for (j = 0; j <= i - 1; j++)
            {
                f = q[i * n + j];
                g = c[j] - h2 * f;
                c[j] = g;
                for (k = 0; k <= j; k++)
                {
                    u = j * n + k;
                    q[u] = q[u] - f * c[k] - g * q[i * n + k];
                }
            }
            b[i] = h;
        }
    }
    for (i = 0; i <= n - 2; i++)
        c[i] = c[i + 1];
    c[n - 1] = 0.0;
    b[0] = 0.0;
    for (i = 0; i <= n - 1; i++)
    {
        if ((b[i] != 0.0) && (i - 1 >= 0))
            for (j = 0; j <= i - 1; j++)
            {
                g = 0.0;
                for (k = 0; k <= i - 1; k++)
                    g = g + q[i * n + k] * q[k * n + j];
                for (k = 0; k <= i - 1; k++)
                {
                    u = k * n + j;
                    q[u] = q[u] - g * q[k * n + i];
                }
            }
        u = i * n + i;
        b[i] = q[u];
        q[u] = 1.0;
        if (i - 1 >= 0)
            for (j = 0; j <= i - 1; j++)
            {
                q[i * n + j] = 0.0;
                q[j * n + i] = 0.0;
            }
    }
    return;
}

//QR
int QR(int N, double *b, double *c, double *q, double eps, int limit)
{
    // N 为矩阵阶数
    // b[] 为主对角线元素
    // c[] 为次对角线元素

    int l, u, v;
    double h, p, r;
    double f = 0.0;
    for (int k = 0; k <= N - 1; k++)
    {
        do{
            double g = b[k];
            // (b[k+1] - b[k]) / (2 * c[k])
            p = (b[k + 1] - g) / (2.0 * c[k]);
            r = sqrt(p * p + 1.0);
            if (p >= 0.0)
                b[k] = c[k] / (p + r);
            else
                b[k] = c[k] / (p - r);
            h = g - b[k];

            for (int i = k + 1; i <= N - 1; i++)
                b[i] = b[i] - h;
            f = f + h;

            p = b[N-1];

            double e = 1.0;
            double s = 0.0;
            for (int i = N - 2; i >= k; i--)
            {
                g = e * c[i];
                h = e * p;
                if (fabs(p) >= fabs(c[i]))
                {
                    e = c[i] / p;
                    r = sqrt(e * e + 1.0);
                    c[i + 1] = s * p * r;
                    s = e / r;
                    e = 1.0 / r;
                }
                else
                {
                    e = p / c[i];
                    r = sqrt(e * e + 1.0);
                    c[i + 1] = s * c[i] * r;
                    s = 1.0 / r;
                    e = e / r;
                }
                p = e * b[i] - s * g;
                b[i + 1] = h + s * (e * g + s * b[i]);
                
                //==============================================
                for (l = 0; l <= N - 1; l++)
                {
                    u = l * N + i + 1;
                    v = u - 1;
                    h = q[u];
                    q[u] = s * q[v] + e * h;
                    q[v] = e * q[v] - s * h;
                }
                //==============================================
            }
            c[k] = s * p;
            b[k] = e * p;
        } while (fabs(c[k]) > eps);
        
        b[k] = b[k] + f;
    }

    for (int i = 0; i <= N - 1; i++)
    {
        l = i;
        p = b[i];
        if (i + 1 <= N - 1)
        {
            int k = i + 1;
            while ((k <= N - 1) && (b[k] <= p))
            {
                l = k;
                p = b[k];
                k++;
            }
        }
        if (l != i)
        {
            b[l] = b[i];
            b[i] = p;
            for (int k = 0; k <= N - 1; k++)
            {
                u = k * N + i;
                v = k * N + l;
                p = q[k * N + i];
                q[k * N + i] = q[k * N + l];
                q[k * N + l] = p;
            }
        }
    }
    return (1);
}

//排序
void sort(double A[],int N)
{
    double temp = 0.0;
    for (int i = 0; i < N; i++)
    {
        for (int j = 0; j < N - i - 1; j++)
        {
            if (A[j] > A[j + 1])
            {
                temp = A[j];
                A[j] = A[j + 1];
                A[j + 1] = temp;
            }
        }
    }
}

//随机Her矩阵生成
void symmat(double H[], int N)
{
    int n=N/2;
    double *A = new double[n * n];
    double *B = new double[n * n];

    srand((unsigned)time(NULL));
    for (int i = 0; i < n; i++)
    {
        for(int j=0 ;j< n; j++){
            if(j >= i){
                A[i * n + j] = rand()%100 / double((101)) *10;
                B[i * n + j] = rand()%100 / double((101)) *10;
            }
            else{
                A[i * n + j] = A[j * n + i];
                B[i * n + j] = -1 * B[j * n + i];
            }
        }
        B[i*n+i]=0;
    }

    // show(A,n);
    // printf("\n");
    // show(B,n);
    // printf("\n");

    for (int i = 0; i < N; i++)
    {
        for(int j = 0;j <N ;j++)
        {
            if((i>=n&&j>=n)||(i<n && j<n)) 
                H[i*N+j]= A[i%n * n + j%n];
            else if(i<n)
                H[i*N+j]= -1 * B[i%n * n + j%n];
            else
                H[i*N+j]= B[i%n * n + j%n];
        }
    }
}

int cycle(int N)
{
    // int N=128;
    // double *a = new double[N * N];
    // symmat(a,N);


    int i, j, k, l = 1000000;
    double *q = new double[N * N];
    double *b = new double[N];
    double *c = new double[N];
    // double q[N*N], b[N], c[N];

    // double a[N*N] = {10.0, 1.0, 2.0, 3.0, 4.0,
    //                          1.0, 9.0, -1.0, 2.0, -3.0,
    //                          2.0, -1.0, 7.0, 3.0, -5.0,
    //                          3.0, 2.0, 3.0, 12.0, -1.0,
    //                          4.0, -3.0, -5.0, -1.0, 15.0};

    // double a[100] = {
    //     1.0, 2.0, 3.0, 4.0, 5.0, 0.0, -1.0, -1.0, -1.0, -1.0,
    //     2.0, 2.0, 3.0, 4.0, 6.0, 1.0, 0.0, 1.0, 0.0, 0.0,
    //     3.0, 3.0, 3.0, 1.0, 5.0, 1.0, -1.0, 0.0, 0.0, 0.0,
    //     4.0, 4.0, 1.0, 3.0, 1.0, 1.0, 0.0, 0.0, 0.0, -1.0,
    //     5.0, 6.0, 5.0, 1.0, 3.0, 1.0, 0.0, 0.0, 1.0, 0.0,
    //     0.0, 1.0, 1.0, 1.0, 1.0, 1.0, 2.0, 3.0, 4.0, 5.0,
    //     -1.0, 0.0, -1.0, 0.0, 0.0, 2.0, 2.0, 3.0, 4.0, 6.0,
    //     -1.0, 1.0, 0.0, 0.0, 0.0, 3.0, 3.0, 3.0, 1.0, 5.0,
    //     -1.0, 0.0, 0.0, 0.0, 1.0, 4.0, 4.0, 1.0, 3.0, 1.0,
    //     -1.0, 0.0, 0.0, -1.0, 0.0, 5.0, 6.0, 5.0, 1.0, 3.0
    // };
    double a[64] = {
   0.4554455446,   -0.3168316832,   -0.4950495050,   -0.7722772277,    0.0000000000,    0.1386138614,    0.4554455446,   -0.2772277228,
  -0.3168316832,   -0.3366336634,   -0.3168316832,    0.8118811881,   -0.1386138614,    0.0000000000,    0.6336633663,    0.9108910891,
  -0.4950495050,   -0.3168316832,    0.9306930693,   -0.9702970297,   -0.4554455446,   -0.6336633663,    0.0000000000,    0.4950495050,
  -0.7722772277,    0.8118811881,   -0.9702970297,   -0.1980198020,    0.2772277228,   -0.9108910891,   -0.4950495050,    0.0000000000,
  -0.0000000000,   -0.1386138614,   -0.4554455446,    0.2772277228,    0.4554455446,   -0.3168316832,   -0.4950495050,   -0.7722772277,
   0.1386138614,   -0.0000000000,   -0.6336633663,   -0.9108910891,   -0.3168316832,   -0.3366336634,   -0.3168316832,    0.8118811881,
   0.4554455446,    0.6336633663,   -0.0000000000,   -0.4950495050,   -0.4950495050,   -0.3168316832,    0.9306930693,   -0.9702970297,
  -0.2772277228,    0.9108910891,    0.4950495050,   -0.0000000000,   -0.7722772277,    0.8118811881,   -0.9702970297,   -0.1980198020
  };
	// for(i=0;i<N;i++)
	// 	for(j=0;j<N;j++)
	// 		if(i==j)
	// 			a[i * N + j]=1;
	// 		else
	// 			a[i * N + j]=0;

    // double a[9] = {-2,-2,3,-10,-1,6,10,-2,-9};

// double a[64*64] ={
    //     5.94059406,  7.62376238,  8.21782178,  4.95049505,  2.67326733,  7.12871287,  4.95049505,  2.67326733,  9.40594059,  3.96039604,  6.53465347,  5.44554455,  8.41584158,  3.46534653,  9.50495050,  1.48514851,  8.21782178,  6.93069307,  2.77227723,  8.81188119,  1.98019802,  0.00000000,  0.00000000,  5.34653465,  9.50495050,  2.97029703,  5.34653465,  1.88118812,  6.43564356,  3.36633663,  3.36633663,  6.93069307, -0.00000000, -6.13861386, -3.56435644, -6.93069307, -0.00000000, -4.05940594, -8.61386139, -3.06930693, -1.58415842, -8.11881188, -0.79207921, -5.54455446, -2.77227723, -4.25742574, -7.42574257, -5.54455446, -9.10891089, -1.78217822, -1.98019802, -0.69306931, -6.03960396, -7.02970297, -7.82178218, -4.65346535, -4.55445545, -6.13861386, -8.41584158, -9.00990099, -0.59405941, -6.03960396, -0.09900990, -6.83168317,
    //     7.62376238,  9.20792079,  8.71287129,  6.03960396,  3.16831683,  4.15841584,  5.54455446,  6.33663366,  9.30693069,  0.79207921,  7.42574257,  0.89108911,  0.49504950,  5.14851485,  8.71287129,  9.20792079,  0.79207921,  4.95049505,  6.33663366,  7.62376238,  9.60396040,  8.11881188,  1.68316832,  6.73267327,  1.08910891,  3.46534653,  4.25742574,  3.16831683,  2.27722772,  3.96039604,  7.42574257,  2.07920792,  6.13861386, -0.00000000, -7.22772277, -2.87128713, -3.26732673, -8.41584158, -9.30693069, -6.13861386, -5.94059406, -2.37623762, -1.38613861, -4.55445545, -7.32673267, -9.10891089, -3.76237624, -5.74257426, -3.86138614, -4.75247525, -6.23762376, -9.60396040, -7.02970297, -0.49504950, -9.70297030, -1.08910891, -2.77227723, -8.51485149, -9.50495050, -4.75247525, -3.56435644, -1.08910891, -3.36633663, -8.21782178,
    //     8.21782178,  8.71287129,  2.47524752,  3.06930693,  8.61386139,  8.51485149,  8.21782178,  4.05940594,  7.02970297,  6.33663366,  3.76237624,  1.98019802,  4.75247525,  8.01980198,  3.96039604,  3.36633663,  0.79207921,  0.19801980,  7.72277228,  2.17821782,  4.45544554,  0.09900990,  3.26732673,  8.01980198,  0.39603960,  8.51485149,  4.75247525,  2.67326733,  6.13861386,  1.88118812,  8.21782178,  2.17821782,  3.56435644,  7.22772277, -0.00000000, -8.81188119, -5.94059406, -3.56435644, -1.98019802, -0.00000000, -0.89108911, -8.11881188, -9.80198020, -8.01980198, -0.39603960, -7.02970297, -2.17821782, -6.63366337, -5.44554455, -3.26732673, -8.41584158, -6.43564356, -6.03960396, -7.92079208, -9.40594059, -0.39603960, -9.60396040, -9.30693069, -5.74257426, -9.50495050, -0.89108911, -5.44554455, -5.24752475, -4.25742574,
    //     4.95049505,  6.03960396,  3.06930693,  0.79207921,  7.52475248,  6.13861386,  5.54455446,  6.23762376,  3.96039604,  0.49504950,  0.09900990,  6.93069307,  5.54455446,  9.70297030,  1.48514851,  9.50495050,  6.73267327,  8.71287129,  7.32673267,  1.88118812,  3.96039604,  5.24752475,  4.15841584,  5.74257426,  1.28712871,  5.54455446,  2.47524752,  0.69306931,  9.60396040,  1.98019802,  6.93069307,  0.00000000,  6.93069307,  2.87128713,  8.81188119, -0.00000000, -3.86138614, -4.95049505, -5.94059406, -0.99009901, -9.60396040, -7.22772277, -6.03960396, -3.96039604, -1.88118812, -3.46534653, -1.28712871, -3.46534653, -7.82178218, -4.15841584, -4.85148515, -0.19801980, -8.11881188, -9.50495050, -1.58415842, -8.11881188, -6.23762376, -6.63366337, -2.57425743, -3.26732673, -5.64356436, -1.28712871, -1.68316832, -3.76237624,
    //     2.67326733,  3.16831683,  8.61386139,  7.52475248,  4.75247525,  3.26732673,  4.05940594,  2.47524752,  3.36633663,  2.97029703,  4.65346535,  6.23762376,  0.39603960,  3.06930693,  9.60396040,  1.38613861,  4.75247525,  5.94059406,  0.29702970,  0.89108911,  5.14851485,  7.42574257,  9.30693069,  2.67326733,  3.06930693,  6.03960396,  4.95049505,  4.15841584,  9.40594059,  3.46534653,  6.33663366,  9.10891089,  0.00000000,  3.26732673,  5.94059406,  3.86138614, -0.00000000, -2.27722772, -5.14851485, -8.01980198, -7.72277228, -2.77227723, -8.71287129, -1.18811881, -1.88118812, -8.01980198, -3.76237624, -9.40594059, -3.36633663, -1.78217822, -1.18811881, -5.14851485, -4.15841584, -9.30693069, -0.00000000, -8.01980198, -0.89108911, -2.97029703, -2.37623762, -5.34653465, -7.32673267, -4.45544554, -0.09900990, -1.18811881,
    //     7.12871287,  4.15841584,  8.51485149,  6.13861386,  3.26732673,  3.46534653,  8.21782178,  1.58415842,  4.25742574,  3.36633663,  1.38613861,  6.93069307,  1.28712871,  0.29702970,  8.21782178,  9.80198020,  0.69306931,  0.39603960,  9.10891089,  9.40594059,  3.26732673,  8.71287129,  7.32673267,  5.94059406,  2.37623762,  8.61386139,  2.57425743,  3.26732673,  6.23762376,  1.48514851,  4.15841584,  2.37623762,  4.05940594,  8.41584158,  3.56435644,  4.95049505,  2.27722772, -0.00000000, -9.00990099, -9.10891089, -6.73267327, -1.78217822, -7.92079208, -4.15841584, -5.24752475, -7.42574257, -5.24752475, -7.72277228, -4.65346535, -9.30693069, -6.73267327, -8.31683168, -8.21782178, -1.58415842, -0.39603960, -1.68316832, -9.30693069, -3.86138614, -0.89108911, -3.96039604, -3.56435644, -4.55445545, -6.53465347, -0.09900990,
    //     4.95049505,  5.54455446,  8.21782178,  5.54455446,  4.05940594,  8.21782178,  1.28712871,  9.50495050,  4.85148515,  4.05940594,  7.32673267,  4.95049505,  3.66336634,  6.83168317,  5.54455446,  0.09900990,  6.53465347,  7.32673267,  7.32673267,  2.67326733,  0.79207921,  1.78217822,  8.31683168,  3.06930693,  5.64356436,  1.88118812,  0.59405941,  8.31683168,  3.06930693,  0.49504950,  6.13861386,  7.32673267,  8.61386139,  9.30693069,  1.98019802,  5.94059406,  5.14851485,  9.00990099, -0.00000000, -5.64356436, -9.00990099, -3.36633663, -8.01980198, -0.00000000, -0.99009901, -6.13861386, -5.54455446, -3.36633663, -8.51485149, -2.87128713, -4.05940594, -1.58415842, -0.39603960, -7.22772277, -1.38613861, -3.26732673, -2.37623762, -8.31683168, -6.83168317, -4.25742574, -5.34653465, -3.86138614, -5.74257426, -7.92079208,
    //     2.67326733,  6.33663366,  4.05940594,  6.23762376,  2.47524752,  1.58415842,  9.50495050,  9.50495050,  6.03960396,  4.15841584,  3.86138614,  9.20792079,  7.42574257,  7.42574257,  1.48514851,  3.06930693,  6.83168317,  5.54455446,  3.16831683,  5.84158416,  7.82178218,  0.00000000,  5.34653465,  5.24752475,  1.98019802,  0.49504950,  9.60396040,  6.83168317,  7.82178218,  3.06930693,  2.87128713,  8.01980198,  3.06930693,  6.13861386,  0.00000000,  0.99009901,  8.01980198,  9.10891089,  5.64356436, -0.00000000, -7.02970297, -8.81188119, -4.95049505, -0.89108911, -2.87128713, -0.59405941, -3.26732673, -3.36633663, -3.66336634, -5.24752475, -8.61386139, -8.91089109, -2.17821782, -5.24752475, -9.60396040, -1.58415842, -4.65346535, -5.84158416, -4.95049505, -7.22772277, -4.35643564, -4.55445545, -6.13861386, -9.70297030,
    //     9.40594059,  9.30693069,  7.02970297,  3.96039604,  3.36633663,  4.25742574,  4.85148515,  6.03960396,  5.04950495,  0.39603960,  7.52475248,  2.57425743,  8.81188119,  5.94059406,  7.42574257,  5.94059406,  1.28712871,  5.44554455,  6.63366337,  8.71287129,  7.12871287,  4.45544554,  8.51485149,  5.14851485,  1.48514851,  2.47524752,  2.37623762,  5.04950495,  2.97029703,  5.64356436,  2.87128713,  0.09900990,  1.58415842,  5.94059406,  0.89108911,  9.60396040,  7.72277228,  6.73267327,  9.00990099,  7.02970297, -0.00000000, -3.56435644, -1.48514851, -5.44554455, -2.57425743, -4.35643564, -6.53465347, -9.40594059, -1.68316832, -6.23762376, -7.52475248, -9.70297030, -7.02970297, -0.19801980, -7.72277228, -3.66336634, -0.79207921, -4.25742574, -0.29702970, -1.28712871, -6.23762376, -0.49504950, -1.68316832, -9.40594059,
    //     3.96039604,  0.79207921,  6.33663366,  0.49504950,  2.97029703,  3.36633663,  4.05940594,  4.15841584,  0.39603960,  3.36633663,  0.99009901,  8.31683168,  0.39603960,  6.83168317,  0.99009901,  7.82178218,  4.45544554,  2.27722772,  4.05940594,  2.57425743,  1.28712871,  5.54455446,  6.43564356,  3.96039604,  3.16831683,  2.57425743,  3.16831683,  9.10891089,  1.88118812,  3.66336634,  2.07920792,  9.50495050,  8.11881188,  2.37623762,  8.11881188,  7.22772277,  2.77227723,  1.78217822,  3.36633663,  8.81188119,  3.56435644, -0.00000000, -5.24752475, -9.70297030, -5.54455446, -0.09900990, -5.44554455, -1.48514851, -4.55445545, -2.17821782, -4.65346535, -9.10891089, -0.79207921, -6.93069307, -3.66336634, -6.53465347, -2.57425743, -9.30693069, -6.13861386, -3.56435644, -1.38613861, -8.01980198, -6.73267327, -1.78217822,
    //     6.53465347,  7.42574257,  3.76237624,  0.09900990,  4.65346535,  1.38613861,  7.32673267,  3.86138614,  7.52475248,  0.99009901,  6.53465347,  4.05940594,  7.02970297,  0.00000000,  7.42574257,  5.44554455,  4.45544554,  5.84158416,  7.22772277,  2.37623762,  0.00000000,  9.20792079,  8.21782178,  5.14851485,  4.95049505,  2.27722772,  7.22772277,  7.52475248,  8.21782178,  2.87128713,  8.31683168,  4.95049505,  0.79207921,  1.38613861,  9.80198020,  6.03960396,  8.71287129,  7.92079208,  8.01980198,  4.95049505,  1.48514851,  5.24752475, -0.00000000, -0.69306931, -6.63366337, -8.31683168, -5.54455446, -3.96039604, -4.65346535, -2.97029703, -3.66336634, -5.64356436, -6.83168317, -1.88118812, -8.11881188, -0.39603960, -0.09900990, -6.73267327, -1.58415842, -4.35643564, -7.52475248, -0.99009901, -3.56435644, -2.87128713,
    //     5.44554455,  0.89108911,  1.98019802,  6.93069307,  6.23762376,  6.93069307,  4.95049505,  9.20792079,  2.57425743,  8.31683168,  4.05940594,  3.46534653,  1.08910891,  9.80198020,  1.78217822,  0.49504950,  6.93069307,  4.55445545,  4.35643564,  7.42574257,  1.68316832,  3.46534653,  9.20792079,  6.83168317,  7.92079208,  6.13861386,  8.51485149,  9.50495050,  5.64356436,  3.36633663,  4.55445545,  3.86138614,  5.54455446,  4.55445545,  8.01980198,  3.96039604,  1.18811881,  4.15841584,  0.00000000,  0.89108911,  5.44554455,  9.70297030,  0.69306931, -0.00000000, -5.94059406, -3.56435644, -9.80198020, -1.08910891, -8.71287129, -2.17821782, -4.75247525, -1.88118812, -4.75247525, -9.20792079, -6.93069307, -7.32673267, -0.49504950, -8.21782178, -9.60396040, -9.70297030, -4.65346535, -7.42574257, -9.00990099, -6.73267327,
    //     8.41584158,  0.49504950,  4.75247525,  5.54455446,  0.39603960,  1.28712871,  3.66336634,  7.42574257,  8.81188119,  0.39603960,  7.02970297,  1.08910891,  3.06930693,  4.25742574,  3.26732673,  4.65346535,  6.63366337,  9.40594059,  0.49504950,  3.76237624,  2.07920792,  7.12871287,  9.60396040,  5.74257426,  6.73267327,  8.11881188,  3.46534653,  3.46534653,  0.59405941,  9.20792079,  9.60396040,  9.30693069,  2.77227723,  7.32673267,  0.39603960,  1.88118812,  1.88118812,  5.24752475,  0.99009901,  2.87128713,  2.57425743,  5.54455446,  6.63366337,  5.94059406, -0.00000000, -7.42574257, -1.78217822, -4.95049505, -3.36633663, -1.18811881, -1.58415842, -3.66336634, -0.00000000, -0.79207921, -6.83168317, -5.34653465, -9.10891089, -1.48514851, -2.07920792, -6.53465347, -7.72277228, -9.00990099, -3.96039604, -6.33663366,
    //     3.46534653,  5.14851485,  8.01980198,  9.70297030,  3.06930693,  0.29702970,  6.83168317,  7.42574257,  5.94059406,  6.83168317,  0.00000000,  9.80198020,  4.25742574,  2.67326733,  2.77227723,  0.59405941,  2.07920792,  6.53465347,  8.61386139,  6.63366337,  2.07920792,  8.81188119,  4.95049505,  7.52475248,  4.15841584,  1.58415842,  2.57425743,  7.52475248,  2.87128713,  0.89108911,  8.61386139,  7.42574257,  4.25742574,  9.10891089,  7.02970297,  3.46534653,  8.01980198,  7.42574257,  6.13861386,  0.59405941,  4.35643564,  0.09900990,  8.31683168,  3.56435644,  7.42574257, -0.00000000, -3.16831683, -6.53465347, -2.67326733, -4.55445545, -1.48514851, -4.45544554, -3.46534653, -0.29702970, -2.37623762, -8.51485149, -8.11881188, -3.56435644, -1.28712871, -1.98019802, -0.29702970, -5.64356436, -6.63366337, -6.03960396,
    //     9.50495050,  8.71287129,  3.96039604,  1.48514851,  9.60396040,  8.21782178,  5.54455446,  1.48514851,  7.42574257,  0.99009901,  7.42574257,  1.78217822,  3.26732673,  2.77227723,  4.65346535,  0.69306931,  0.79207921,  3.16831683,  0.89108911,  8.41584158,  4.95049505,  4.95049505,  9.50495050,  2.77227723,  7.92079208,  9.30693069,  5.94059406,  1.88118812,  2.27722772,  6.03960396,  3.96039604,  0.49504950,  7.42574257,  3.76237624,  2.17821782,  1.28712871,  3.76237624,  5.24752475,  5.54455446,  3.26732673,  6.53465347,  5.44554455,  5.54455446,  9.80198020,  1.78217822,  3.16831683, -0.00000000, -3.36633663, -7.32673267, -2.97029703, -7.22772277, -1.18811881, -6.13861386, -9.10891089, -6.53465347, -2.17821782, -5.64356436, -0.89108911, -0.39603960, -0.00000000, -4.55445545, -6.93069307, -6.73267327, -4.75247525,
    //     1.48514851,  9.20792079,  3.36633663,  9.50495050,  1.38613861,  9.80198020,  0.09900990,  3.06930693,  5.94059406,  7.82178218,  5.44554455,  0.49504950,  4.65346535,  0.59405941,  0.69306931,  9.30693069,  7.72277228,  6.13861386,  1.48514851,  7.72277228,  5.64356436,  8.31683168,  4.85148515,  4.15841584,  2.47524752,  4.65346535,  5.44554455,  4.25742574,  9.20792079,  8.71287129,  3.06930693,  3.86138614,  5.54455446,  5.74257426,  6.63366337,  3.46534653,  9.40594059,  7.72277228,  3.36633663,  3.36633663,  9.40594059,  1.48514851,  3.96039604,  1.08910891,  4.95049505,  6.53465347,  3.36633663, -0.00000000, -0.29702970, -1.58415842, -6.33663366, -1.68316832, -7.32673267, -8.41584158, -6.33663366, -4.25742574, -5.44554455, -9.50495050, -7.02970297, -6.73267327, -8.21782178, -9.70297030, -8.11881188, -6.13861386,
    //     8.21782178,  0.79207921,  0.79207921,  6.73267327,  4.75247525,  0.69306931,  6.53465347,  6.83168317,  1.28712871,  4.45544554,  4.45544554,  6.93069307,  6.63366337,  2.07920792,  0.79207921,  7.72277228,  8.41584158,  7.72277228,  1.78217822,  6.93069307,  8.11881188,  1.28712871,  2.17821782,  7.42574257,  1.38613861,  9.50495050,  9.60396040,  8.81188119,  7.32673267,  4.05940594,  5.84158416,  7.12871287,  9.10891089,  3.86138614,  5.44554455,  7.82178218,  3.36633663,  4.65346535,  8.51485149,  3.66336634,  1.68316832,  4.55445545,  4.65346535,  8.71287129,  3.36633663,  2.67326733,  7.32673267,  0.29702970, -0.00000000, -5.24752475, -0.79207921, -7.42574257, -0.59405941, -3.06930693, -0.69306931, -4.75247525, -7.32673267, -2.07920792, -9.00990099, -9.00990099, -7.62376238, -5.74257426, -8.01980198, -9.60396040,
    //     6.93069307,  4.95049505,  0.19801980,  8.71287129,  5.94059406,  0.39603960,  7.32673267,  5.54455446,  5.44554455,  2.27722772,  5.84158416,  4.55445545,  9.40594059,  6.53465347,  3.16831683,  6.13861386,  7.72277228,  8.61386139,  0.19801980,  0.99009901,  3.26732673,  3.06930693,  7.52475248,  0.49504950,  5.24752475,  2.87128713,  4.05940594,  4.05940594,  2.17821782,  5.94059406,  7.72277228,  9.50495050,  1.78217822,  4.75247525,  3.26732673,  4.15841584,  1.78217822,  9.30693069,  2.87128713,  5.24752475,  6.23762376,  2.17821782,  2.97029703,  2.17821782,  1.18811881,  4.55445545,  2.97029703,  1.58415842,  5.24752475, -0.00000000, -0.49504950, -2.37623762, -4.35643564, -4.55445545, -5.24752475, -0.29702970, -1.98019802, -4.95049505, -7.82178218, -3.06930693, -6.73267327, -6.23762376, -7.12871287, -4.95049505,
    //     2.77227723,  6.33663366,  7.72277228,  7.32673267,  0.29702970,  9.10891089,  7.32673267,  3.16831683,  6.63366337,  4.05940594,  7.22772277,  4.35643564,  0.49504950,  8.61386139,  0.89108911,  1.48514851,  1.78217822,  0.19801980,  6.83168317,  5.14851485,  4.05940594,  4.65346535,  5.74257426,  1.98019802,  8.31683168,  4.05940594,  9.60396040,  3.86138614,  0.19801980,  2.17821782,  0.09900990,  3.86138614,  1.98019802,  6.23762376,  8.41584158,  4.85148515,  1.18811881,  6.73267327,  4.05940594,  8.61386139,  7.52475248,  4.65346535,  3.66336634,  4.75247525,  1.58415842,  1.48514851,  7.22772277,  6.33663366,  0.79207921,  0.49504950, -0.00000000, -2.27722772, -1.38613861, -7.32673267, -7.72277228, -8.51485149, -2.47524752, -3.66336634, -7.02970297, -3.86138614, -8.01980198, -2.37623762, -8.11881188, -7.82178218,
    //     8.81188119,  7.62376238,  2.17821782,  1.88118812,  0.89108911,  9.40594059,  2.67326733,  5.84158416,  8.71287129,  2.57425743,  2.37623762,  7.42574257,  3.76237624,  6.63366337,  8.41584158,  7.72277228,  6.93069307,  0.99009901,  5.14851485,  5.34653465,  8.01980198,  7.02970297,  9.70297030,  9.80198020,  3.76237624,  2.77227723,  9.50495050,  3.56435644,  0.19801980,  0.79207921,  2.37623762,  7.32673267,  0.69306931,  9.60396040,  6.43564356,  0.19801980,  5.14851485,  8.31683168,  1.58415842,  8.91089109,  9.70297030,  9.10891089,  5.64356436,  1.88118812,  3.66336634,  4.45544554,  1.18811881,  1.68316832,  7.42574257,  2.37623762,  2.27722772, -0.00000000, -7.42574257, -3.26732673, -1.18811881, -9.70297030, -5.64356436, -5.74257426, -1.18811881, -3.66336634, -3.26732673, -4.05940594, -0.99009901, -4.55445545,
    //     1.98019802,  9.60396040,  4.45544554,  3.96039604,  5.14851485,  3.26732673,  0.79207921,  7.82178218,  7.12871287,  1.28712871,  0.00000000,  1.68316832,  2.07920792,  2.07920792,  4.95049505,  5.64356436,  8.11881188,  3.26732673,  4.05940594,  8.01980198,  8.51485149,  8.01980198,  0.59405941,  1.38613861,  6.23762376,  7.12871287,  4.95049505,  6.23762376,  8.01980198,  9.80198020,  5.54455446,  6.53465347,  6.03960396,  7.02970297,  6.03960396,  8.11881188,  4.15841584,  8.21782178,  0.39603960,  2.17821782,  7.02970297,  0.79207921,  6.83168317,  4.75247525,  0.00000000,  3.46534653,  6.13861386,  7.32673267,  0.59405941,  4.35643564,  1.38613861,  7.42574257, -0.00000000, -2.57425743, -8.61386139, -8.61386139, -8.41584158, -1.28712871, -7.02970297, -8.71287129, -9.10891089, -7.62376238, -8.61386139, -5.74257426,
    //     0.00000000,  8.11881188,  0.09900990,  5.24752475,  7.42574257,  8.71287129,  1.78217822,  0.00000000,  4.45544554,  5.54455446,  9.20792079,  3.46534653,  7.12871287,  8.81188119,  4.95049505,  8.31683168,  1.28712871,  3.06930693,  4.65346535,  7.02970297,  8.01980198,  7.12871287,  5.14851485,  8.81188119,  9.40594059,  5.34653465,  0.19801980,  6.33663366,  0.00000000,  5.24752475,  4.35643564,  9.50495050,  7.02970297,  0.49504950,  7.92079208,  9.50495050,  9.30693069,  1.58415842,  7.22772277,  5.24752475,  0.19801980,  6.93069307,  1.88118812,  9.20792079,  0.79207921,  0.29702970,  9.10891089,  8.41584158,  3.06930693,  4.55445545,  7.32673267,  3.26732673,  2.57425743, -0.00000000, -9.60396040, -2.57425743, -7.52475248, -7.52475248, -5.94059406, -1.58415842, -7.82178218, -7.12871287, -5.44554455, -5.94059406,
    //     0.00000000,  1.68316832,  3.26732673,  4.15841584,  9.30693069,  7.32673267,  8.31683168,  5.34653465,  8.51485149,  6.43564356,  8.21782178,  9.20792079,  9.60396040,  4.95049505,  9.50495050,  4.85148515,  2.17821782,  7.52475248,  5.74257426,  9.70297030,  0.59405941,  5.14851485,  4.35643564,  0.39603960,  0.59405941,  8.11881188,  7.02970297,  9.80198020,  0.29702970,  0.09900990,  6.43564356,  2.67326733,  7.82178218,  9.70297030,  9.40594059,  1.58415842,  0.00000000,  0.39603960,  1.38613861,  9.60396040,  7.72277228,  3.66336634,  8.11881188,  6.93069307,  6.83168317,  2.37623762,  6.53465347,  6.33663366,  0.69306931,  5.24752475,  7.72277228,  1.18811881,  8.61386139,  9.60396040, -0.00000000, -9.40594059, -5.94059406, -7.12871287, -0.59405941, -2.27722772, -8.81188119, -5.04950495, -5.44554455, -1.88118812,
    //     5.34653465,  6.73267327,  8.01980198,  5.74257426,  2.67326733,  5.94059406,  3.06930693,  5.24752475,  5.14851485,  3.96039604,  5.14851485,  6.83168317,  5.74257426,  7.52475248,  2.77227723,  4.15841584,  7.42574257,  0.49504950,  1.98019802,  9.80198020,  1.38613861,  8.81188119,  0.39603960,  6.73267327,  3.46534653,  7.32673267,  3.96039604,  9.50495050,  3.06930693,  6.43564356,  3.86138614,  4.65346535,  4.65346535,  1.08910891,  0.39603960,  8.11881188,  8.01980198,  1.68316832,  3.26732673,  1.58415842,  3.66336634,  6.53465347,  0.39603960,  7.32673267,  5.34653465,  8.51485149,  2.17821782,  4.25742574,  4.75247525,  0.29702970,  8.51485149,  9.70297030,  8.61386139,  2.57425743,  9.40594059, -0.00000000, -6.73267327, -3.96039604, -7.02970297, -3.56435644, -9.10891089, -8.61386139, -2.27722772, -2.07920792,
    //     9.50495050,  1.08910891,  0.39603960,  1.28712871,  3.06930693,  2.37623762,  5.64356436,  1.98019802,  1.48514851,  3.16831683,  4.95049505,  7.92079208,  6.73267327,  4.15841584,  7.92079208,  2.47524752,  1.38613861,  5.24752475,  8.31683168,  3.76237624,  6.23762376,  9.40594059,  0.59405941,  3.46534653,  9.50495050,  7.82178218,  4.45544554,  8.71287129,  3.36633663,  5.34653465,  2.37623762,  0.89108911,  4.55445545,  2.77227723,  9.60396040,  6.23762376,  0.89108911,  9.30693069,  2.37623762,  4.65346535,  0.79207921,  2.57425743,  0.09900990,  0.49504950,  9.10891089,  8.11881188,  5.64356436,  5.44554455,  7.32673267,  1.98019802,  2.47524752,  5.64356436,  8.41584158,  7.52475248,  5.94059406,  6.73267327, -0.00000000, -4.65346535, -8.21782178, -4.65346535, -0.49504950, -1.28712871, -2.17821782, -1.08910891,
    //     2.97029703,  3.46534653,  8.51485149,  5.54455446,  6.03960396,  8.61386139,  1.88118812,  0.49504950,  2.47524752,  2.57425743,  2.27722772,  6.13861386,  8.11881188,  1.58415842,  9.30693069,  4.65346535,  9.50495050,  2.87128713,  4.05940594,  2.77227723,  7.12871287,  5.34653465,  8.11881188,  7.32673267,  7.82178218,  8.91089109,  5.14851485,  0.59405941,  1.88118812,  9.10891089,  7.52475248,  5.94059406,  6.13861386,  8.51485149,  9.30693069,  6.63366337,  2.97029703,  3.86138614,  8.31683168,  5.84158416,  4.25742574,  9.30693069,  6.73267327,  8.21782178,  1.48514851,  3.56435644,  0.89108911,  9.50495050,  2.07920792,  4.95049505,  3.66336634,  5.74257426,  1.28712871,  7.52475248,  7.12871287,  3.96039604,  4.65346535, -0.00000000, -3.06930693, -0.00000000, -8.81188119, -3.66336634, -8.21782178, -7.52475248,
    //     5.34653465,  4.25742574,  4.75247525,  2.47524752,  4.95049505,  2.57425743,  0.59405941,  9.60396040,  2.37623762,  3.16831683,  7.22772277,  8.51485149,  3.46534653,  2.57425743,  5.94059406,  5.44554455,  9.60396040,  4.05940594,  9.60396040,  9.50495050,  4.95049505,  0.19801980,  7.02970297,  3.96039604,  4.45544554,  5.14851485,  0.39603960,  4.55445545,  5.54455446,  1.78217822,  9.00990099,  0.19801980,  8.41584158,  9.50495050,  5.74257426,  2.57425743,  2.37623762,  0.89108911,  6.83168317,  4.95049505,  0.29702970,  6.13861386,  1.58415842,  9.60396040,  2.07920792,  1.28712871,  0.39603960,  7.02970297,  9.00990099,  7.82178218,  7.02970297,  1.18811881,  7.02970297,  5.94059406,  0.59405941,  7.02970297,  8.21782178,  3.06930693, -0.00000000, -3.46534653, -9.10891089, -9.50495050, -0.39603960, -4.45544554,
    //     1.88118812,  3.16831683,  2.67326733,  0.69306931,  4.15841584,  3.26732673,  8.31683168,  6.83168317,  5.04950495,  9.10891089,  7.52475248,  9.50495050,  3.46534653,  7.52475248,  1.88118812,  4.25742574,  8.81188119,  4.05940594,  3.86138614,  3.56435644,  6.23762376,  6.33663366,  9.80198020,  9.50495050,  8.71287129,  0.59405941,  4.55445545,  6.93069307,  6.73267327,  8.91089109,  1.38613861,  9.20792079,  9.00990099,  4.75247525,  9.50495050,  3.26732673,  5.34653465,  3.96039604,  4.25742574,  7.22772277,  1.28712871,  3.56435644,  4.35643564,  9.70297030,  6.53465347,  1.98019802,  0.00000000,  6.73267327,  9.00990099,  3.06930693,  3.86138614,  3.66336634,  8.71287129,  1.58415842,  2.27722772,  3.56435644,  4.65346535,  0.00000000,  3.46534653, -0.00000000, -7.82178218, -0.99009901, -4.15841584, -2.07920792,
    //     6.43564356,  2.27722772,  6.13861386,  9.60396040,  9.40594059,  6.23762376,  3.06930693,  7.82178218,  2.97029703,  1.88118812,  8.21782178,  5.64356436,  0.59405941,  2.87128713,  2.27722772,  9.20792079,  7.32673267,  2.17821782,  0.19801980,  0.19801980,  8.01980198,  0.00000000,  0.29702970,  3.06930693,  3.36633663,  1.88118812,  5.54455446,  6.73267327,  9.30693069,  0.99009901,  0.19801980,  2.07920792,  0.59405941,  3.56435644,  0.89108911,  5.64356436,  7.32673267,  3.56435644,  5.34653465,  4.35643564,  6.23762376,  1.38613861,  7.52475248,  4.65346535,  7.72277228,  0.29702970,  4.55445545,  8.21782178,  7.62376238,  6.73267327,  8.01980198,  3.26732673,  9.10891089,  7.82178218,  8.81188119,  9.10891089,  0.49504950,  8.81188119,  9.10891089,  7.82178218, -0.00000000, -3.76237624, -8.61386139, -6.13861386,
    //     3.36633663,  3.96039604,  1.88118812,  1.98019802,  3.46534653,  1.48514851,  0.49504950,  3.06930693,  5.64356436,  3.66336634,  2.87128713,  3.36633663,  9.20792079,  0.89108911,  6.03960396,  8.71287129,  4.05940594,  5.94059406,  2.17821782,  0.79207921,  9.80198020,  5.24752475,  0.09900990,  6.43564356,  5.34653465,  9.10891089,  1.78217822,  8.91089109,  0.99009901,  6.23762376,  2.27722772,  1.18811881,  6.03960396,  1.08910891,  5.44554455,  1.28712871,  4.45544554,  4.55445545,  3.86138614,  4.55445545,  0.49504950,  8.01980198,  0.99009901,  7.42574257,  9.00990099,  5.64356436,  6.93069307,  9.70297030,  5.74257426,  6.23762376,  2.37623762,  4.05940594,  7.62376238,  7.12871287,  5.04950495,  8.61386139,  1.28712871,  3.66336634,  9.50495050,  0.99009901,  3.76237624, -0.00000000, -6.03960396, -7.82178218,
    //     3.36633663,  7.42574257,  8.21782178,  6.93069307,  6.33663366,  4.15841584,  6.13861386,  2.87128713,  2.87128713,  2.07920792,  8.31683168,  4.55445545,  9.60396040,  8.61386139,  3.96039604,  3.06930693,  5.84158416,  7.72277228,  0.09900990,  2.37623762,  5.54455446,  4.35643564,  6.43564356,  3.86138614,  2.37623762,  7.52475248,  9.00990099,  1.38613861,  0.19801980,  2.27722772,  0.49504950,  2.67326733,  0.09900990,  3.36633663,  5.24752475,  1.68316832,  0.09900990,  6.53465347,  5.74257426,  6.13861386,  1.68316832,  6.73267327,  3.56435644,  9.00990099,  3.96039604,  6.63366337,  6.73267327,  8.11881188,  8.01980198,  7.12871287,  8.11881188,  0.99009901,  8.61386139,  5.44554455,  5.44554455,  2.27722772,  2.17821782,  8.21782178,  0.39603960,  4.15841584,  8.61386139,  6.03960396, -0.00000000, -4.75247525,
    //     6.93069307,  2.07920792,  2.17821782,  0.00000000,  9.10891089,  2.37623762,  7.32673267,  8.01980198,  0.09900990,  9.50495050,  4.95049505,  3.86138614,  9.30693069,  7.42574257,  0.49504950,  3.86138614,  7.12871287,  9.50495050,  3.86138614,  7.32673267,  6.53465347,  9.50495050,  2.67326733,  4.65346535,  0.89108911,  5.94059406,  0.19801980,  9.20792079,  2.07920792,  1.18811881,  2.67326733,  8.61386139,  6.83168317,  8.21782178,  4.25742574,  3.76237624,  1.18811881,  0.09900990,  7.92079208,  9.70297030,  9.40594059,  1.78217822,  2.87128713,  6.73267327,  6.33663366,  6.03960396,  4.75247525,  6.13861386,  9.60396040,  4.95049505,  7.82178218,  4.55445545,  5.74257426,  5.94059406,  1.88118812,  2.07920792,  1.08910891,  7.52475248,  4.45544554,  2.07920792,  6.13861386,  7.82178218,  4.75247525, -0.00000000,
    //     0.00000000,  6.13861386,  3.56435644,  6.93069307,  0.00000000,  4.05940594,  8.61386139,  3.06930693,  1.58415842,  8.11881188,  0.79207921,  5.54455446,  2.77227723,  4.25742574,  7.42574257,  5.54455446,  9.10891089,  1.78217822,  1.98019802,  0.69306931,  6.03960396,  7.02970297,  7.82178218,  4.65346535,  4.55445545,  6.13861386,  8.41584158,  9.00990099,  0.59405941,  6.03960396,  0.09900990,  6.83168317,  5.94059406,  7.62376238,  8.21782178,  4.95049505,  2.67326733,  7.12871287,  4.95049505,  2.67326733,  9.40594059,  3.96039604,  6.53465347,  5.44554455,  8.41584158,  3.46534653,  9.50495050,  1.48514851,  8.21782178,  6.93069307,  2.77227723,  8.81188119,  1.98019802,  0.00000000,  0.00000000,  5.34653465,  9.50495050,  2.97029703,  5.34653465,  1.88118812,  6.43564356,  3.36633663,  3.36633663,  6.93069307,
    //    -6.13861386,  0.00000000,  7.22772277,  2.87128713,  3.26732673,  8.41584158,  9.30693069,  6.13861386,  5.94059406,  2.37623762,  1.38613861,  4.55445545,  7.32673267,  9.10891089,  3.76237624,  5.74257426,  3.86138614,  4.75247525,  6.23762376,  9.60396040,  7.02970297,  0.49504950,  9.70297030,  1.08910891,  2.77227723,  8.51485149,  9.50495050,  4.75247525,  3.56435644,  1.08910891,  3.36633663,  8.21782178,  7.62376238,  9.20792079,  8.71287129,  6.03960396,  3.16831683,  4.15841584,  5.54455446,  6.33663366,  9.30693069,  0.79207921,  7.42574257,  0.89108911,  0.49504950,  5.14851485,  8.71287129,  9.20792079,  0.79207921,  4.95049505,  6.33663366,  7.62376238,  9.60396040,  8.11881188,  1.68316832,  6.73267327,  1.08910891,  3.46534653,  4.25742574,  3.16831683,  2.27722772,  3.96039604,  7.42574257,  2.07920792,
    //    -3.56435644, -7.22772277,  0.00000000,  8.81188119,  5.94059406,  3.56435644,  1.98019802,  0.00000000,  0.89108911,  8.11881188,  9.80198020,  8.01980198,  0.39603960,  7.02970297,  2.17821782,  6.63366337,  5.44554455,  3.26732673,  8.41584158,  6.43564356,  6.03960396,  7.92079208,  9.40594059,  0.39603960,  9.60396040,  9.30693069,  5.74257426,  9.50495050,  0.89108911,  5.44554455,  5.24752475,  4.25742574,  8.21782178,  8.71287129,  2.47524752,  3.06930693,  8.61386139,  8.51485149,  8.21782178,  4.05940594,  7.02970297,  6.33663366,  3.76237624,  1.98019802,  4.75247525,  8.01980198,  3.96039604,  3.36633663,  0.79207921,  0.19801980,  7.72277228,  2.17821782,  4.45544554,  0.09900990,  3.26732673,  8.01980198,  0.39603960,  8.51485149,  4.75247525,  2.67326733,  6.13861386,  1.88118812,  8.21782178,  2.17821782,
    //    -6.93069307, -2.87128713, -8.81188119,  0.00000000,  3.86138614,  4.95049505,  5.94059406,  0.99009901,  9.60396040,  7.22772277,  6.03960396,  3.96039604,  1.88118812,  3.46534653,  1.28712871,  3.46534653,  7.82178218,  4.15841584,  4.85148515,  0.19801980,  8.11881188,  9.50495050,  1.58415842,  8.11881188,  6.23762376,  6.63366337,  2.57425743,  3.26732673,  5.64356436,  1.28712871,  1.68316832,  3.76237624,  4.95049505,  6.03960396,  3.06930693,  0.79207921,  7.52475248,  6.13861386,  5.54455446,  6.23762376,  3.96039604,  0.49504950,  0.09900990,  6.93069307,  5.54455446,  9.70297030,  1.48514851,  9.50495050,  6.73267327,  8.71287129,  7.32673267,  1.88118812,  3.96039604,  5.24752475,  4.15841584,  5.74257426,  1.28712871,  5.54455446,  2.47524752,  0.69306931,  9.60396040,  1.98019802,  6.93069307,  0.00000000,
