#include "math.h"
#include "stdio.h"
#include <stdlib.h>
#include "time.h"

double eps = 1e-8;
//打印结果矩阵
void show(double *A, int N)
{
    for (int i = 0; i < N; i++)
    {
        for (int j = 0; j < N; j++)
        {
            printf("%11.7lf,", A[i * N + j]);
        }
        printf("\n");
    }
}

//Householder变换
int Householder(int n, double A[])
{
    double mol, q, value;
    double *alpha = new double[n];
    double *H = new double[n * n];
    double *B = new double[n * n];

    for (int i = n - 1; i > 1; i--)
    {
        q = 0.0;
        //初始化alpha向量为0
        for (int j = 0; j < n; j++)
            alpha[j] = 0.0;

        for (int j = 0; j < i; j++){
            alpha[j] = A[i * n + j];
            q += alpha[j] * alpha[j];
        }
        mol = sqrt(q);

        if (alpha[i - 1] > 0.0)
            mol = -mol;

        // for (int j = 0; j < n; j++)
        // {
        //     printf("%11lf ", alpha[j]);
        // }
        // printf("\nmol:%11lf\n", mol);

        q -= alpha[i - 1] * mol;
        alpha[i - 1] = alpha[i - 1] - mol;
        
        // printf("\nmol:%11lf\n", q);
        
        for (int j = 0; j <= n - 1; j++){
            for (int k = 0; k <= n - 1; k++)
                H[j * n + k] = -1 * alpha[j] * alpha[k] / q;
            H[n * j + j] = H[n * j + j] + 1.0;
        }

        // printf("\nH 矩阵:\n");
        // for (int i = 0; i < n; i++)
        // {
        //     for (int j = 0; j < n; j++)
        //     {
        //         printf("%11lf  ", H[i * n + j]);
        //     }
        //     printf("\n");
        // }

        for (int j = 0; j < i+1; j++)
            for (int k = 0; k < i+1; k++)
            {
                value = 0.0;
                for (int u = 0; u < i+1; u++)
                    value = value + H[u + j * n] * A[n * u + k];
                B[k + j * n] = value;
            }
        
        // printf("\nB 矩阵:\n");
        // for (int i = 0; i < n; i++)
        // {
        //     for (int j = 0; j < n; j++)
        //     {
        //         printf("%11lf  ", B[i * n + j]);
        //     }
        //     printf("\n");
        // }

        for (int j = 0; j <  i+1; j++)
            for (int k = 0; k < i+1; k++)
            {
                value = 0.0;
                for (int u = 0; u < i+1; u++)
                    value = value + B[u + j * n] * H[n * u + k];
                A[k + j * n] = value;
            }

        // printf("\nA 矩阵:\n");
        // for (int i = 0; i < n; i++)
        // {
        //     for (int j = 0; j < n; j++)
        //     {
        //         printf("%11lf  ", A[i * n + j]);
        //     }
        //     printf("\n");
        // }
        
    }
    

    delete[] alpha;
    delete[] H;
    delete[] B;

    return 1;
}

//通过QR(Givens rotation)方法求出全部特征值 A为三对角矩阵 N为矩阵阶数
int QR_OLD(double *A, int N)
{

    double *Q = new double[N * N];
    double *R = new double[N * N];

    for (int k = 0; k < N - 1; k++)
    {
        if (fabs(A[k * N + (k + 1)]) <= eps)
        {
            continue;
        }

        double elem1 = A[k * N + k] * A[k * N + k];
        double elem2 = A[(k + 1) * N + k] * A[(k + 1) * N + k];
        double r = sqrt(elem1 + elem2);

        //printf("%9lf  %9lf  %9lf\n", A[k*N+k] ,A[(k+1)*N+k],r);
        double Cos = A[k * N + k] / r;
        double Sin = A[(k + 1) * N + k] / r;

        for (int i = 0; i < N; i++)
        {
            for (int j = 0; j < N; j++)
            {
                R[i * N + j] = 0;
                if (i == j)
                    R[i * N + j] = 1;
            }
        }

        R[k * N + k] = Cos;
        R[k * N + (k + 1)] = Sin;
        R[(k + 1) * N + k] = Sin * -1;
        R[(k + 1) * N + (k + 1)] = Cos;

        for (int i = 0; i < N; i++)
            for (int j = 0; j < N; j++)
            {
                Q[i * N + j] = 0.0;
                for (int k = 0; k < N; k++)
                    Q[i * N + j] += R[i * N + k] * A[k * N + j];
            }

        for (int i = 0; i < N; i++)
            for (int j = 0; j < N; j++)
            {
                A[i * N + j] = 0.0;
                for (int k = 0; k < N; k++)
                    A[i * N + j] += Q[i * N + k] * R[k + j * N];
            }
    }

    // printf("\nA 矩阵:\n");
    // for (int i = 0; i < N; i++)
    // {
    //     for (int j = 0; j < N; j++)
    //     {
    //         printf("%9lf  ", A[i * N + j]);
    //     }
    //     printf("\n");
    // }

    delete[] Q;
    delete[] R;

    // return flag;
    return 1;
}

//循环数目减少一倍
int QR(double *A, int N)
{

    double *Q = new double[N * N];
    double *R = new double[N * N];

    for (int k = 0; k < (N - 1)/2; k++)
    {
        // if (fabs(A[k * N + (k + 1)]) <= eps)
        // {
        //     continue;
        // }

        double elem1 = A[k * N + k] * A[k * N + k];
        double elem2 = A[(k + 1) * N + k] * A[(k + 1) * N + k];
        double r = sqrt(elem1 + elem2);

        //printf("%9lf  %9lf  %9lf\n", A[k*N+k] ,A[(k+1)*N+k],r);
        double Cos = A[k * N + k] / r;
        double Sin = A[(k + 1) * N + k] / r;

        for (int i = 0; i < N; i++)
        {
            for (int j = 0; j < N; j++)
            {
                R[i * N + j] = 0;
                if (i == j)
                    R[i * N + j] = 1;
            }
        }

        R[k * N + k] = Cos;
        R[k * N + (k + 1)] = Sin;
        R[(k + 1) * N + k] = Sin * -1;
        R[(k + 1) * N + (k + 1)] = Cos;

        // printf("\nA 矩阵:\n");
        // for (int i = 0; i < N; i++)
        // {
        //     for (int j = 0; j < N; j++)
        //     {
        //         printf("%9lf  ", A[i * N + j]);
        //     }
        //     printf("\n");
        // }

        for (int i = 0; i < N; i++)
            for (int j = 0; j < N; j++)
            {
                Q[i * N + j] = 0.0;
                for (int k = 0; k < N; k++)
                    Q[i * N + j] += R[i * N + k] * A[k * N + j];
            }

        // printf("\nA 矩阵:\n");
        // for (int i = 0; i < N; i++)
        // {
        //     for (int j = 0; j < N; j++)
        //     {
        //         printf("%9lf  ", Q[i * N + j]);
        //     }
        //     printf("\n");
        // }

        for (int i = 0; i < N; i++)
            for (int j = 0; j < N; j++)
            {
                A[i * N + j] = 0.0;
                for (int k = 0; k < N; k++)
                    A[i * N + j] += Q[i * N + k] * R[k + j * N];
            }
            
        //printf("\n=================================================================\n");
    
    }
    
    delete[] Q;
    delete[] R;
    // return flag;
    return 1;
}

//改进的QR
int QR_improve_old(double *A, int N)
{
    double q = (A[N * (N - 2) + N - 2] - A[N * N - 1]) / 2;
    double p;
    if (q >= eps)
    {
        p = A[N * N - 1] + q - sqrtl(q * q + A[N * (N - 1) - 1] * A[N * (N - 1) - 1]);
    }
    else
        p = A[N * N - 1] + q + sqrtl(q * q + A[N * (N - 1) - 1] * A[N * (N - 1) - 1]);
    double *Q = new double[N * N];
    double *R = new double[N * N];
    for (int k = 0; k < N - 1; k++)
    {
        if (fabs(A[k * N + (k + 1)]) <= eps)
        {
            continue;
        }
        double elem1 = (A[k * N + k] - p) * (A[k * N + k] - p);
        double elem2 = A[(k + 1) * N + k] * A[(k + 1) * N + k];
        double r = sqrt(elem1 + elem2);

        //printf("%9lf  %9lf  %9lf\n", A[k*N+k] ,A[(k+1)*N+k],r);
        double Cos = (A[k * N + k] - p) / r;
        double Sin = A[(k + 1) * N + k] / r;
        for (int i = 0; i < N; i++)
        {
            for (int j = 0; j < N; j++)
            {
                R[i * N + j] = 0;
                if (i == j)
                    R[i * N + j] = 1;
            }
        }

        R[k * N + k] = Cos;
        R[k * N + (k + 1)] = Sin;
        R[(k + 1) * N + k] = Sin * -1;
        R[(k + 1) * N + (k + 1)] = Cos;
        for (int i = 0; i < N; i++)
            for (int j = 0; j < N; j++)
            {
                Q[i * N + j] = 0.0;
                for (int k = 0; k < N; k++)
                    Q[i * N + j] += R[i * N + k] * A[k * N + j];
            }

        for (int i = 0; i < N; i++)
            for (int j = 0; j < N; j++)
            {
                A[i * N + j] = 0.0;
                for (int k = 0; k < N; k++)
                    A[i * N + j] += Q[i * N + k] * R[k + j * N];
            }
    }

    delete[] Q;
    delete[] R;

    // return flag;
    return 1;
}

//改进的QR循环数目减少一倍
int QR_improve(double *A, int N)
{
    double q = (A[N * (N - 2) + N - 2] - A[N * N - 1]) / 2;
    double p;
    if (q >= eps)
    {
        p = A[N * N - 1] + q - sqrtl(q * q + A[N * (N - 1) - 1] * A[N * (N - 1) - 1]);
    }
    else
        p = A[N * N - 1] + q + sqrtl(q * q + A[N * (N - 1) - 1] * A[N * (N - 1) - 1]);
    
    double *Q = new double[N * N];
    double *R = new double[N * N];
    for (int k = 0; k < (N)*0.5; k++)
    {
        // printf("No.%d:\n",k);
        if (fabs(A[k * N + (k + 1)]) <= eps)
        {
            continue;
        }

        double elem1 = (A[k * N + k] - p) * (A[k * N + k] - p);
        double elem2 = A[(k + 1) * N + k] * A[(k + 1) * N + k];
        // printf("elem1:%lf, elem2:%lf\n",A[k * N + k],A[(k + 1) * N + k]);
        // printf("elem1:%lf, elem2:%lf\n",elem1,elem2);
        double r = sqrtl(elem1 + elem2);

        //printf("%9lf  %9lf  %9lf\n", A[k*N+k] ,A[(k+1)*N+k],r);
        double Cos = (A[k * N + k] - p) / r;
        double Sin = A[(k + 1) * N + k] / r;
        for (int i = 0; i < N; i++)
        {
            for (int j = 0; j < N; j++)
            {
                R[i * N + j] = 0;
                if (i == j)
                    R[i * N + j] = 1;
            }
        }

        R[k * N + k] = Cos;
        R[k * N + (k + 1)] = Sin;
        R[(k + 1) * N + k] = Sin * -1;
        R[(k + 1) * N + (k + 1)] = Cos;

        // printf("q:%lf, p:%lf\n",q,p);
        // printf("%lf %lf\n",Cos,Sin);
    
        for (int i = 0; i < N; i++)
            for (int j = 0; j < N; j++)
            {
                Q[i * N + j] = 0.0;
                for (int k = 0; k < N; k++)
                    Q[i * N + j] += R[i * N + k] * A[k * N + j];
            }
        // printf("left:\n");
        // show(Q,N);

        //乘上转置
        for (int i = 0; i < N; i++)
            for (int j = 0; j < N; j++)
            {
                A[i * N + j] = 0.0;
                for (int k = 0; k < N; k++)
                    A[i * N + j] += Q[i * N + k] * R[k + j * N];
            }
        // printf("right:\n");
        // show(A,N);
        //printf("\n=============================================================================\n");
    // if(k==1)break;
    }

    delete[] Q;
    delete[] R;

    // return flag;
    return 1;
}

//改进的QR分组计算
int QR_improve_group(double *A, int N )
{
    double q = (A[N * (N - 2) + N - 2] - A[N * N - 1]) / 2;
    double p;
    if (q >= eps)
    {
        p = A[N * N - 1] + q - sqrtl(q * q + A[N * (N - 1) - 1] * A[N * (N - 1) - 1]);
    }
    else
        p = A[N * N - 1] + q + sqrtl(q * q + A[N * (N - 1) - 1] * A[N * (N - 1) - 1]);
    
    double *Q = new double[N * N];
    double *R = new double[N * N];

    for(int id=0;id<2;id++){
        for (int k = 0; k < (N - 1)/1; k++){
            if (fabs(A[k * N + (k + 1)]) <= eps)
            {
                continue;
            }

            double elem1 = (A[k * N + k] - p) * (A[k * N + k] - p);
            double elem2 = A[(k + 1) * N + k] * A[(k + 1) * N + k];
            double r = sqrt(elem1 + elem2);

            //printf("%9lf  %9lf  %9lf\n", A[k*N+k] ,A[(k+1)*N+k],r);
            double Cos = (A[k * N + k] - p) / r;
            double Sin = A[(k + 1) * N + k] / r;
            for (int i = 0; i < N; i++)
            {
                for (int j = 0; j < N; j++)
                {
                    R[i * N + j] = 0;
                    if (i == j)
                        R[i * N + j] = 1;
                }
            }

            R[k * N + k] = Cos;
            R[k * N + (k + 1)] = Sin;
            R[(k + 1) * N + k] = Sin * -1;
            R[(k + 1) * N + (k + 1)] = Cos;

            if(k % 2 == id){
                for (int i = 0; i < N; i++)
                    for (int j = 0; j < N; j++)
                    {
                        Q[i * N + j] = 0.0;
                        for (int k = 0; k < N; k++)
                            Q[i * N + j] += R[i * N + k] * A[k * N + j];
                    }
                
                // printf("\n");
                // for (int i = 0; i < N; i++)
                // {
                //     for (int j = 0; j < N; j++)
                //         printf("%11.7lf,", Q[i * N + j]);
                //     printf("\n");
                // }

                for (int i = 0; i < N; i++)
                    for (int j = 0; j < N; j++)
                    {
                        A[i * N + j] = 0.0;
                        for (int k = 0; k < N; k++)
                            A[i * N + j] += Q[i * N + k] * R[k + j * N];
                    }
            }
        }

        //break;
    }
    
    delete[] Q;
    delete[] R;

    // return flag;
    return 1;
}

//对角线从上到下逼近
int QR_close(double *A, int N)
{

    double *Q = new double[N * N];
    double *R = new double[N * N];
    
    int k=0,num=0;
    while (k < N-1)
    {
        if (fabs(A[k * N + (k + 1)]) - eps <= 0 )
        {
            printf("////////////////////////////////////////////////////////////////\n");
            printf("No.%d is ok! Times:%d\n",k,num);
            printf("////////////////////////////////////////////////////////////////\n");
            printf("%lf %lf %lf\n",fabs(A[k * N + (k + 1)]),eps,fabs(A[k * N + (k + 1)])-eps);
            k++;
            num=0;

            // printf("\nA 矩阵:\n");
            // for (int i = 0; i < N; i++)
            // {
            //     for (int j = 0; j < N; j++)
            //     {
            //         printf("%9lf  ", Q[i * N + j]);
            //     }
            //     printf("\n");
            // }
            continue;
        }

        double elem1 = A[k * N + k] * A[k * N + k];
        double elem2 = A[(k + 1) * N + k] * A[(k + 1) * N + k];
        double r = sqrt(elem1 + elem2);

        //printf("%9lf  %9lf  %9lf\n", A[k*N+k] ,A[(k+1)*N+k],r);
        double Cos = A[k * N + k] / r;
        double Sin = A[(k + 1) * N + k] / r;

        for (int i = 0; i < N; i++)
        {
            for (int j = 0; j < N; j++)
            {
                R[i * N + j] = 0;
                if (i == j)
                    R[i * N + j] = 1;
            }
        }

        R[k * N + k] = Cos;
        R[k * N + (k + 1)] = Sin;
        R[(k + 1) * N + k] = Sin * -1;
        R[(k + 1) * N + (k + 1)] = Cos;

        // printf("\nA 矩阵:\n");
        // for (int i = 0; i < N; i++)
        // {
        //     for (int j = 0; j < N; j++)
        //     {
        //         printf("%9lf  ", A[i * N + j]);
        //     }
        //     printf("\n");
        // }

        for (int i = 0; i < N; i++)
            for (int j = 0; j < N; j++)
            {
                Q[i * N + j] = 0.0;
                for (int k = 0; k < N; k++)
                    Q[i * N + j] += R[i * N + k] * A[k * N + j];
            }

        // printf("\nA 矩阵:\n");
        // for (int i = 0; i < N; i++)
        // {
        //     for (int j = 0; j < N; j++)
        //     {
        //         printf("%9lf  ", Q[i * N + j]);
        //     }
        //     printf("\n");
        // }

        for (int i = 0; i < N; i++)
            for (int j = 0; j < N; j++)
            {
                A[i * N + j] = 0.0;
                for (int k = 0; k < N; k++)
                    A[i * N + j] += Q[i * N + k] * R[k + j * N];
            }
            

        num++;
        //printf("\n=================================================================\n");
    }
    delete[] Q;
    delete[] R;
    // return flag;
    return 1;
}

//将矩阵分为4组后分组QR计算
int QR_close_group(double *A, int N)
{
    double *Q = new double[N * N];
    double *R = new double[N * N];

    for(int id=0;id<4;id++){
        for (int k = 0; k < (N - 1)/2; k++)
        {
            if(k % 4 != id){
                continue;
            }

            //printf("\n=================================================================\n");
            
            if (fabs(A[k * N + (k + 1)]) <= eps)
            {
                continue;
            }

            double elem1 = A[k * N + k] * A[k * N + k];
            double elem2 = A[(k + 1) * N + k] * A[(k + 1) * N + k];
            double r = sqrt(elem1 + elem2);

            //printf("%9lf  %9lf  %9lf\n", A[k*N+k] ,A[(k+1)*N+k],r);
            double Cos = A[k * N + k] / r;
            double Sin = A[(k + 1) * N + k] / r;

            for (int i = 0; i < N; i++)
            {
                for (int j = 0; j < N; j++)
                {
                    R[i * N + j] = 0;
                    if (i == j)
                        R[i * N + j] = 1;
                }
            }

            R[k * N + k] = Cos;
            R[k * N + (k + 1)] = Sin;
            R[(k + 1) * N + k] = Sin * -1;
            R[(k + 1) * N + (k + 1)] = Cos;

            // printf("\nA 矩阵:\n");
            // for (int i = 0; i < N; i++)
            // {
            //     for (int j = 0; j < N; j++)
            //     {
            //         printf("%9lf  ", A[i * N + j]);
            //     }
            //     printf("\n");
            // }

            for (int i = 0; i < N; i++)
                for (int j = 0; j < N; j++)
                {
                    Q[i * N + j] = 0.0;
                    for (int k = 0; k < N; k++)
                        Q[i * N + j] += R[i * N + k] * A[k * N + j];
                }

            // printf("\nA 矩阵:\n");
            // for (int i = 0; i < N; i++)
            // {
            //     for (int j = 0; j < N; j++)
            //     {
            //         printf("%9lf  ", Q[i * N + j]);
            //     }
            //     printf("\n");
            // }

            for (int i = 0; i < N; i++)
                for (int j = 0; j < N; j++)
                {
                    A[i * N + j] = 0.0;
                    for (int k = 0; k < N; k++)
                        A[i * N + j] += Q[i * N + k] * R[k + j * N];
                }
                
            //printf("\n=================================================================\n");
        

        }
    
    }

    delete[] Q;
    delete[] R;
    // return flag;
    return 1;
}

//进行一半的QR检查
int check(double *A, int N){
    // for (int x = 0; x < N/2-1; x++){
    //     for (int y = 0; y < N/2-1; y++){
    //         if(x==y) continue;
    //         if (fabs(A[x * N + y]) > eps)
    //             return 1;
    //     }
    // }
    // return 0;
    for (int x = 0; x < (N - 1)/2; x++){
        if (fabs(A[(x + 1) * N + x]) > eps)
            return 1;
    }
    return 0;
}

//进行全部的QR检查
int check_old(double *A, int N){
    for (int x = 0; x < N - 1; x++){
        if (fabs(A[(x + 1) * N + x]) > eps)
            return 1;
    }
    return 0;
}

// 随机生成10阶对称矩阵
void symmat(double H[], int N)
{
    int n=N/2;
    double *A = new double[n * n];
    double *B = new double[n * n];

    srand((unsigned)time(NULL));
    for (int i = 0; i < n; i++)
    {
        for(int j=0 ;j< n; j++){
            if(j >= i){
                A[i * n + j] = rand() % 20 -10;
                B[i * n + j] = rand() % 20 -10;
            }
            else{
                A[i * n + j] = A[j * n + i];
                B[i * n + j] = -1 * B[j * n + i];
            }
        }
        B[i*n+i]=0;
    }

    // show(A,n);
    // printf("\n");
    // show(B,n);
    // printf("\n");

    for (int i = 0; i < N; i++)
    {
        for(int j = 0;j <N ;j++)
        {
            if((i>=n&&j>=n)||(i<n && j<n)) 
                H[i*N+j]= A[i%n * n + j%n];
            else if(i<n)
                H[i*N+j]= -1 * B[i%n * n + j%n];
            else
                H[i*N+j]= B[i%n * n + j%n];
        }
    }
}

int main()
{
    int n =64;
    //double *A = new double[n * n];
    //symmat(A,n);

    // double A[100] = {1.0, 2.0, 3.0, 4.0, 5.0, 0.0, -1.0, -1.0, -1.0, -1.0,
    //                     2.0, 2.0, 3.0, 4.0, 6.0, 1.0, 0.0, 1.0, 0.0, 0.0,
    //                     3.0, 3.0, 3.0, 1.0, 5.0, 1.0, -1.0, 0.0, 0.0, 0.0,
    //                     4.0, 4.0, 1.0, 3.0, 1.0, 1.0, 0.0, 0.0, 0.0, -1.0,
    //                     5.0, 6.0, 5.0, 1.0, 3.0, 1.0, 0.0, 0.0, 1.0, 0.0,
    //                     0.0, 1.0, 1.0, 1.0, 1.0, 1.0, 2.0, 3.0, 4.0, 5.0,
    //                     -1.0, 0.0, -1.0, 0.0, 0.0, 2.0, 2.0, 3.0, 4.0, 6.0,
    //                     -1.0, 1.0, 0.0, 0.0, 0.0, 3.0, 3.0, 3.0, 1.0, 5.0,
    //                     -1.0, 0.0, 0.0, 0.0, 1.0, 4.0, 4.0, 1.0, 3.0, 1.0,
    //                     -1.0, 0.0, 0.0, -1.0, 0.0, 5.0, 6.0, 5.0, 1.0, 3.0};

//     double A[100] = {  -0.219212,  -0.453559,  -0.000000,  -0.000000,   0.000000,   0.000000,   0.000000,  -0.000000,   0.000000,   0.000000,
//   -0.453559,  -2.371767,   2.284219,  -0.000000,  -0.000000,  -0.000000,  -0.000000,  -0.000000,   0.000000,   0.000000,
//   -0.000000,   2.284219,  -2.195981,   3.888086,   0.000000,   0.000000,  -0.000000,  -0.000000,   0.000000,   0.000000,
//    0.000000,  -0.000000,   3.888086,   0.319149,   1.601955,   0.000000,  -0.000000,   0.000000,  -0.000000,   0.000000,
//    0.000000,  -0.000000,   0.000000,   1.601955,  16.467811,   0.000000,  -0.000000,   0.000000,  -0.000000,   0.000000,
//   -0.000000,   0.000000,  -0.000000,   0.000000,   0.000000,  -0.645698,  -1.165827,   0.000000,   0.000000,  -0.000000,
//    0.000000,   0.000000,  -0.000000,   0.000000,   0.000000,  -1.165827,   0.516929,  -2.639708,  -0.000000,   0.000000,
//   -0.000000,  -0.000000,   0.000000,  -0.000000,   0.000000,   0.000000,  -2.639708,   0.713039,  -5.115100,   0.000000,
//    0.000000,   0.000000,  -0.000000,  -0.000000,  -0.000000,  -0.000000,  -0.000000,  -5.115100,   8.415730,  -9.433981,
//    0.000000,   0.000000,   0.000000,   0.000000,   0.000000,  -0.000000,   0.000000,   0.000000,  -9.433981,   3.000000};


    double A[64*64] ={
        5.94059406,  7.62376238,  8.21782178,  4.95049505,  2.67326733,  7.12871287,  4.95049505,  2.67326733,  9.40594059,  3.96039604,  6.53465347,  5.44554455,  8.41584158,  3.46534653,  9.50495050,  1.48514851,  8.21782178,  6.93069307,  2.77227723,  8.81188119,  1.98019802,  0.00000000,  0.00000000,  5.34653465,  9.50495050,  2.97029703,  5.34653465,  1.88118812,  6.43564356,  3.36633663,  3.36633663,  6.93069307, -0.00000000, -6.13861386, -3.56435644, -6.93069307, -0.00000000, -4.05940594, -8.61386139, -3.06930693, -1.58415842, -8.11881188, -0.79207921, -5.54455446, -2.77227723, -4.25742574, -7.42574257, -5.54455446, -9.10891089, -1.78217822, -1.98019802, -0.69306931, -6.03960396, -7.02970297, -7.82178218, -4.65346535, -4.55445545, -6.13861386, -8.41584158, -9.00990099, -0.59405941, -6.03960396, -0.09900990, -6.83168317,
        7.62376238,  9.20792079,  8.71287129,  6.03960396,  3.16831683,  4.15841584,  5.54455446,  6.33663366,  9.30693069,  0.79207921,  7.42574257,  0.89108911,  0.49504950,  5.14851485,  8.71287129,  9.20792079,  0.79207921,  4.95049505,  6.33663366,  7.62376238,  9.60396040,  8.11881188,  1.68316832,  6.73267327,  1.08910891,  3.46534653,  4.25742574,  3.16831683,  2.27722772,  3.96039604,  7.42574257,  2.07920792,  6.13861386, -0.00000000, -7.22772277, -2.87128713, -3.26732673, -8.41584158, -9.30693069, -6.13861386, -5.94059406, -2.37623762, -1.38613861, -4.55445545, -7.32673267, -9.10891089, -3.76237624, -5.74257426, -3.86138614, -4.75247525, -6.23762376, -9.60396040, -7.02970297, -0.49504950, -9.70297030, -1.08910891, -2.77227723, -8.51485149, -9.50495050, -4.75247525, -3.56435644, -1.08910891, -3.36633663, -8.21782178,
        8.21782178,  8.71287129,  2.47524752,  3.06930693,  8.61386139,  8.51485149,  8.21782178,  4.05940594,  7.02970297,  6.33663366,  3.76237624,  1.98019802,  4.75247525,  8.01980198,  3.96039604,  3.36633663,  0.79207921,  0.19801980,  7.72277228,  2.17821782,  4.45544554,  0.09900990,  3.26732673,  8.01980198,  0.39603960,  8.51485149,  4.75247525,  2.67326733,  6.13861386,  1.88118812,  8.21782178,  2.17821782,  3.56435644,  7.22772277, -0.00000000, -8.81188119, -5.94059406, -3.56435644, -1.98019802, -0.00000000, -0.89108911, -8.11881188, -9.80198020, -8.01980198, -0.39603960, -7.02970297, -2.17821782, -6.63366337, -5.44554455, -3.26732673, -8.41584158, -6.43564356, -6.03960396, -7.92079208, -9.40594059, -0.39603960, -9.60396040, -9.30693069, -5.74257426, -9.50495050, -0.89108911, -5.44554455, -5.24752475, -4.25742574,
        4.95049505,  6.03960396,  3.06930693,  0.79207921,  7.52475248,  6.13861386,  5.54455446,  6.23762376,  3.96039604,  0.49504950,  0.09900990,  6.93069307,  5.54455446,  9.70297030,  1.48514851,  9.50495050,  6.73267327,  8.71287129,  7.32673267,  1.88118812,  3.96039604,  5.24752475,  4.15841584,  5.74257426,  1.28712871,  5.54455446,  2.47524752,  0.69306931,  9.60396040,  1.98019802,  6.93069307,  0.00000000,  6.93069307,  2.87128713,  8.81188119, -0.00000000, -3.86138614, -4.95049505, -5.94059406, -0.99009901, -9.60396040, -7.22772277, -6.03960396, -3.96039604, -1.88118812, -3.46534653, -1.28712871, -3.46534653, -7.82178218, -4.15841584, -4.85148515, -0.19801980, -8.11881188, -9.50495050, -1.58415842, -8.11881188, -6.23762376, -6.63366337, -2.57425743, -3.26732673, -5.64356436, -1.28712871, -1.68316832, -3.76237624,
        2.67326733,  3.16831683,  8.61386139,  7.52475248,  4.75247525,  3.26732673,  4.05940594,  2.47524752,  3.36633663,  2.97029703,  4.65346535,  6.23762376,  0.39603960,  3.06930693,  9.60396040,  1.38613861,  4.75247525,  5.94059406,  0.29702970,  0.89108911,  5.14851485,  7.42574257,  9.30693069,  2.67326733,  3.06930693,  6.03960396,  4.95049505,  4.15841584,  9.40594059,  3.46534653,  6.33663366,  9.10891089,  0.00000000,  3.26732673,  5.94059406,  3.86138614, -0.00000000, -2.27722772, -5.14851485, -8.01980198, -7.72277228, -2.77227723, -8.71287129, -1.18811881, -1.88118812, -8.01980198, -3.76237624, -9.40594059, -3.36633663, -1.78217822, -1.18811881, -5.14851485, -4.15841584, -9.30693069, -0.00000000, -8.01980198, -0.89108911, -2.97029703, -2.37623762, -5.34653465, -7.32673267, -4.45544554, -0.09900990, -1.18811881,
        7.12871287,  4.15841584,  8.51485149,  6.13861386,  3.26732673,  3.46534653,  8.21782178,  1.58415842,  4.25742574,  3.36633663,  1.38613861,  6.93069307,  1.28712871,  0.29702970,  8.21782178,  9.80198020,  0.69306931,  0.39603960,  9.10891089,  9.40594059,  3.26732673,  8.71287129,  7.32673267,  5.94059406,  2.37623762,  8.61386139,  2.57425743,  3.26732673,  6.23762376,  1.48514851,  4.15841584,  2.37623762,  4.05940594,  8.41584158,  3.56435644,  4.95049505,  2.27722772, -0.00000000, -9.00990099, -9.10891089, -6.73267327, -1.78217822, -7.92079208, -4.15841584, -5.24752475, -7.42574257, -5.24752475, -7.72277228, -4.65346535, -9.30693069, -6.73267327, -8.31683168, -8.21782178, -1.58415842, -0.39603960, -1.68316832, -9.30693069, -3.86138614, -0.89108911, -3.96039604, -3.56435644, -4.55445545, -6.53465347, -0.09900990,
        4.95049505,  5.54455446,  8.21782178,  5.54455446,  4.05940594,  8.21782178,  1.28712871,  9.50495050,  4.85148515,  4.05940594,  7.32673267,  4.95049505,  3.66336634,  6.83168317,  5.54455446,  0.09900990,  6.53465347,  7.32673267,  7.32673267,  2.67326733,  0.79207921,  1.78217822,  8.31683168,  3.06930693,  5.64356436,  1.88118812,  0.59405941,  8.31683168,  3.06930693,  0.49504950,  6.13861386,  7.32673267,  8.61386139,  9.30693069,  1.98019802,  5.94059406,  5.14851485,  9.00990099, -0.00000000, -5.64356436, -9.00990099, -3.36633663, -8.01980198, -0.00000000, -0.99009901, -6.13861386, -5.54455446, -3.36633663, -8.51485149, -2.87128713, -4.05940594, -1.58415842, -0.39603960, -7.22772277, -1.38613861, -3.26732673, -2.37623762, -8.31683168, -6.83168317, -4.25742574, -5.34653465, -3.86138614, -5.74257426, -7.92079208,
        2.67326733,  6.33663366,  4.05940594,  6.23762376,  2.47524752,  1.58415842,  9.50495050,  9.50495050,  6.03960396,  4.15841584,  3.86138614,  9.20792079,  7.42574257,  7.42574257,  1.48514851,  3.06930693,  6.83168317,  5.54455446,  3.16831683,  5.84158416,  7.82178218,  0.00000000,  5.34653465,  5.24752475,  1.98019802,  0.49504950,  9.60396040,  6.83168317,  7.82178218,  3.06930693,  2.87128713,  8.01980198,  3.06930693,  6.13861386,  0.00000000,  0.99009901,  8.01980198,  9.10891089,  5.64356436, -0.00000000, -7.02970297, -8.81188119, -4.95049505, -0.89108911, -2.87128713, -0.59405941, -3.26732673, -3.36633663, -3.66336634, -5.24752475, -8.61386139, -8.91089109, -2.17821782, -5.24752475, -9.60396040, -1.58415842, -4.65346535, -5.84158416, -4.95049505, -7.22772277, -4.35643564, -4.55445545, -6.13861386, -9.70297030,
        9.40594059,  9.30693069,  7.02970297,  3.96039604,  3.36633663,  4.25742574,  4.85148515,  6.03960396,  5.04950495,  0.39603960,  7.52475248,  2.57425743,  8.81188119,  5.94059406,  7.42574257,  5.94059406,  1.28712871,  5.44554455,  6.63366337,  8.71287129,  7.12871287,  4.45544554,  8.51485149,  5.14851485,  1.48514851,  2.47524752,  2.37623762,  5.04950495,  2.97029703,  5.64356436,  2.87128713,  0.09900990,  1.58415842,  5.94059406,  0.89108911,  9.60396040,  7.72277228,  6.73267327,  9.00990099,  7.02970297, -0.00000000, -3.56435644, -1.48514851, -5.44554455, -2.57425743, -4.35643564, -6.53465347, -9.40594059, -1.68316832, -6.23762376, -7.52475248, -9.70297030, -7.02970297, -0.19801980, -7.72277228, -3.66336634, -0.79207921, -4.25742574, -0.29702970, -1.28712871, -6.23762376, -0.49504950, -1.68316832, -9.40594059,
        3.96039604,  0.79207921,  6.33663366,  0.49504950,  2.97029703,  3.36633663,  4.05940594,  4.15841584,  0.39603960,  3.36633663,  0.99009901,  8.31683168,  0.39603960,  6.83168317,  0.99009901,  7.82178218,  4.45544554,  2.27722772,  4.05940594,  2.57425743,  1.28712871,  5.54455446,  6.43564356,  3.96039604,  3.16831683,  2.57425743,  3.16831683,  9.10891089,  1.88118812,  3.66336634,  2.07920792,  9.50495050,  8.11881188,  2.37623762,  8.11881188,  7.22772277,  2.77227723,  1.78217822,  3.36633663,  8.81188119,  3.56435644, -0.00000000, -5.24752475, -9.70297030, -5.54455446, -0.09900990, -5.44554455, -1.48514851, -4.55445545, -2.17821782, -4.65346535, -9.10891089, -0.79207921, -6.93069307, -3.66336634, -6.53465347, -2.57425743, -9.30693069, -6.13861386, -3.56435644, -1.38613861, -8.01980198, -6.73267327, -1.78217822,
        6.53465347,  7.42574257,  3.76237624,  0.09900990,  4.65346535,  1.38613861,  7.32673267,  3.86138614,  7.52475248,  0.99009901,  6.53465347,  4.05940594,  7.02970297,  0.00000000,  7.42574257,  5.44554455,  4.45544554,  5.84158416,  7.22772277,  2.37623762,  0.00000000,  9.20792079,  8.21782178,  5.14851485,  4.95049505,  2.27722772,  7.22772277,  7.52475248,  8.21782178,  2.87128713,  8.31683168,  4.95049505,  0.79207921,  1.38613861,  9.80198020,  6.03960396,  8.71287129,  7.92079208,  8.01980198,  4.95049505,  1.48514851,  5.24752475, -0.00000000, -0.69306931, -6.63366337, -8.31683168, -5.54455446, -3.96039604, -4.65346535, -2.97029703, -3.66336634, -5.64356436, -6.83168317, -1.88118812, -8.11881188, -0.39603960, -0.09900990, -6.73267327, -1.58415842, -4.35643564, -7.52475248, -0.99009901, -3.56435644, -2.87128713,
        5.44554455,  0.89108911,  1.98019802,  6.93069307,  6.23762376,  6.93069307,  4.95049505,  9.20792079,  2.57425743,  8.31683168,  4.05940594,  3.46534653,  1.08910891,  9.80198020,  1.78217822,  0.49504950,  6.93069307,  4.55445545,  4.35643564,  7.42574257,  1.68316832,  3.46534653,  9.20792079,  6.83168317,  7.92079208,  6.13861386,  8.51485149,  9.50495050,  5.64356436,  3.36633663,  4.55445545,  3.86138614,  5.54455446,  4.55445545,  8.01980198,  3.96039604,  1.18811881,  4.15841584,  0.00000000,  0.89108911,  5.44554455,  9.70297030,  0.69306931, -0.00000000, -5.94059406, -3.56435644, -9.80198020, -1.08910891, -8.71287129, -2.17821782, -4.75247525, -1.88118812, -4.75247525, -9.20792079, -6.93069307, -7.32673267, -0.49504950, -8.21782178, -9.60396040, -9.70297030, -4.65346535, -7.42574257, -9.00990099, -6.73267327,
        8.41584158,  0.49504950,  4.75247525,  5.54455446,  0.39603960,  1.28712871,  3.66336634,  7.42574257,  8.81188119,  0.39603960,  7.02970297,  1.08910891,  3.06930693,  4.25742574,  3.26732673,  4.65346535,  6.63366337,  9.40594059,  0.49504950,  3.76237624,  2.07920792,  7.12871287,  9.60396040,  5.74257426,  6.73267327,  8.11881188,  3.46534653,  3.46534653,  0.59405941,  9.20792079,  9.60396040,  9.30693069,  2.77227723,  7.32673267,  0.39603960,  1.88118812,  1.88118812,  5.24752475,  0.99009901,  2.87128713,  2.57425743,  5.54455446,  6.63366337,  5.94059406, -0.00000000, -7.42574257, -1.78217822, -4.95049505, -3.36633663, -1.18811881, -1.58415842, -3.66336634, -0.00000000, -0.79207921, -6.83168317, -5.34653465, -9.10891089, -1.48514851, -2.07920792, -6.53465347, -7.72277228, -9.00990099, -3.96039604, -6.33663366,
        3.46534653,  5.14851485,  8.01980198,  9.70297030,  3.06930693,  0.29702970,  6.83168317,  7.42574257,  5.94059406,  6.83168317,  0.00000000,  9.80198020,  4.25742574,  2.67326733,  2.77227723,  0.59405941,  2.07920792,  6.53465347,  8.61386139,  6.63366337,  2.07920792,  8.81188119,  4.95049505,  7.52475248,  4.15841584,  1.58415842,  2.57425743,  7.52475248,  2.87128713,  0.89108911,  8.61386139,  7.42574257,  4.25742574,  9.10891089,  7.02970297,  3.46534653,  8.01980198,  7.42574257,  6.13861386,  0.59405941,  4.35643564,  0.09900990,  8.31683168,  3.56435644,  7.42574257, -0.00000000, -3.16831683, -6.53465347, -2.67326733, -4.55445545, -1.48514851, -4.45544554, -3.46534653, -0.29702970, -2.37623762, -8.51485149, -8.11881188, -3.56435644, -1.28712871, -1.98019802, -0.29702970, -5.64356436, -6.63366337, -6.03960396,
        9.50495050,  8.71287129,  3.96039604,  1.48514851,  9.60396040,  8.21782178,  5.54455446,  1.48514851,  7.42574257,  0.99009901,  7.42574257,  1.78217822,  3.26732673,  2.77227723,  4.65346535,  0.69306931,  0.79207921,  3.16831683,  0.89108911,  8.41584158,  4.95049505,  4.95049505,  9.50495050,  2.77227723,  7.92079208,  9.30693069,  5.94059406,  1.88118812,  2.27722772,  6.03960396,  3.96039604,  0.49504950,  7.42574257,  3.76237624,  2.17821782,  1.28712871,  3.76237624,  5.24752475,  5.54455446,  3.26732673,  6.53465347,  5.44554455,  5.54455446,  9.80198020,  1.78217822,  3.16831683, -0.00000000, -3.36633663, -7.32673267, -2.97029703, -7.22772277, -1.18811881, -6.13861386, -9.10891089, -6.53465347, -2.17821782, -5.64356436, -0.89108911, -0.39603960, -0.00000000, -4.55445545, -6.93069307, -6.73267327, -4.75247525,
        1.48514851,  9.20792079,  3.36633663,  9.50495050,  1.38613861,  9.80198020,  0.09900990,  3.06930693,  5.94059406,  7.82178218,  5.44554455,  0.49504950,  4.65346535,  0.59405941,  0.69306931,  9.30693069,  7.72277228,  6.13861386,  1.48514851,  7.72277228,  5.64356436,  8.31683168,  4.85148515,  4.15841584,  2.47524752,  4.65346535,  5.44554455,  4.25742574,  9.20792079,  8.71287129,  3.06930693,  3.86138614,  5.54455446,  5.74257426,  6.63366337,  3.46534653,  9.40594059,  7.72277228,  3.36633663,  3.36633663,  9.40594059,  1.48514851,  3.96039604,  1.08910891,  4.95049505,  6.53465347,  3.36633663, -0.00000000, -0.29702970, -1.58415842, -6.33663366, -1.68316832, -7.32673267, -8.41584158, -6.33663366, -4.25742574, -5.44554455, -9.50495050, -7.02970297, -6.73267327, -8.21782178, -9.70297030, -8.11881188, -6.13861386,
        8.21782178,  0.79207921,  0.79207921,  6.73267327,  4.75247525,  0.69306931,  6.53465347,  6.83168317,  1.28712871,  4.45544554,  4.45544554,  6.93069307,  6.63366337,  2.07920792,  0.79207921,  7.72277228,  8.41584158,  7.72277228,  1.78217822,  6.93069307,  8.11881188,  1.28712871,  2.17821782,  7.42574257,  1.38613861,  9.50495050,  9.60396040,  8.81188119,  7.32673267,  4.05940594,  5.84158416,  7.12871287,  9.10891089,  3.86138614,  5.44554455,  7.82178218,  3.36633663,  4.65346535,  8.51485149,  3.66336634,  1.68316832,  4.55445545,  4.65346535,  8.71287129,  3.36633663,  2.67326733,  7.32673267,  0.29702970, -0.00000000, -5.24752475, -0.79207921, -7.42574257, -0.59405941, -3.06930693, -0.69306931, -4.75247525, -7.32673267, -2.07920792, -9.00990099, -9.00990099, -7.62376238, -5.74257426, -8.01980198, -9.60396040,
        6.93069307,  4.95049505,  0.19801980,  8.71287129,  5.94059406,  0.39603960,  7.32673267,  5.54455446,  5.44554455,  2.27722772,  5.84158416,  4.55445545,  9.40594059,  6.53465347,  3.16831683,  6.13861386,  7.72277228,  8.61386139,  0.19801980,  0.99009901,  3.26732673,  3.06930693,  7.52475248,  0.49504950,  5.24752475,  2.87128713,  4.05940594,  4.05940594,  2.17821782,  5.94059406,  7.72277228,  9.50495050,  1.78217822,  4.75247525,  3.26732673,  4.15841584,  1.78217822,  9.30693069,  2.87128713,  5.24752475,  6.23762376,  2.17821782,  2.97029703,  2.17821782,  1.18811881,  4.55445545,  2.97029703,  1.58415842,  5.24752475, -0.00000000, -0.49504950, -2.37623762, -4.35643564, -4.55445545, -5.24752475, -0.29702970, -1.98019802, -4.95049505, -7.82178218, -3.06930693, -6.73267327, -6.23762376, -7.12871287, -4.95049505,
        2.77227723,  6.33663366,  7.72277228,  7.32673267,  0.29702970,  9.10891089,  7.32673267,  3.16831683,  6.63366337,  4.05940594,  7.22772277,  4.35643564,  0.49504950,  8.61386139,  0.89108911,  1.48514851,  1.78217822,  0.19801980,  6.83168317,  5.14851485,  4.05940594,  4.65346535,  5.74257426,  1.98019802,  8.31683168,  4.05940594,  9.60396040,  3.86138614,  0.19801980,  2.17821782,  0.09900990,  3.86138614,  1.98019802,  6.23762376,  8.41584158,  4.85148515,  1.18811881,  6.73267327,  4.05940594,  8.61386139,  7.52475248,  4.65346535,  3.66336634,  4.75247525,  1.58415842,  1.48514851,  7.22772277,  6.33663366,  0.79207921,  0.49504950, -0.00000000, -2.27722772, -1.38613861, -7.32673267, -7.72277228, -8.51485149, -2.47524752, -3.66336634, -7.02970297, -3.86138614, -8.01980198, -2.37623762, -8.11881188, -7.82178218,
        8.81188119,  7.62376238,  2.17821782,  1.88118812,  0.89108911,  9.40594059,  2.67326733,  5.84158416,  8.71287129,  2.57425743,  2.37623762,  7.42574257,  3.76237624,  6.63366337,  8.41584158,  7.72277228,  6.93069307,  0.99009901,  5.14851485,  5.34653465,  8.01980198,  7.02970297,  9.70297030,  9.80198020,  3.76237624,  2.77227723,  9.50495050,  3.56435644,  0.19801980,  0.79207921,  2.37623762,  7.32673267,  0.69306931,  9.60396040,  6.43564356,  0.19801980,  5.14851485,  8.31683168,  1.58415842,  8.91089109,  9.70297030,  9.10891089,  5.64356436,  1.88118812,  3.66336634,  4.45544554,  1.18811881,  1.68316832,  7.42574257,  2.37623762,  2.27722772, -0.00000000, -7.42574257, -3.26732673, -1.18811881, -9.70297030, -5.64356436, -5.74257426, -1.18811881, -3.66336634, -3.26732673, -4.05940594, -0.99009901, -4.55445545,
        1.98019802,  9.60396040,  4.45544554,  3.96039604,  5.14851485,  3.26732673,  0.79207921,  7.82178218,  7.12871287,  1.28712871,  0.00000000,  1.68316832,  2.07920792,  2.07920792,  4.95049505,  5.64356436,  8.11881188,  3.26732673,  4.05940594,  8.01980198,  8.51485149,  8.01980198,  0.59405941,  1.38613861,  6.23762376,  7.12871287,  4.95049505,  6.23762376,  8.01980198,  9.80198020,  5.54455446,  6.53465347,  6.03960396,  7.02970297,  6.03960396,  8.11881188,  4.15841584,  8.21782178,  0.39603960,  2.17821782,  7.02970297,  0.79207921,  6.83168317,  4.75247525,  0.00000000,  3.46534653,  6.13861386,  7.32673267,  0.59405941,  4.35643564,  1.38613861,  7.42574257, -0.00000000, -2.57425743, -8.61386139, -8.61386139, -8.41584158, -1.28712871, -7.02970297, -8.71287129, -9.10891089, -7.62376238, -8.61386139, -5.74257426,
